{
  "nbformat": 4,
  "nbformat_minor": 0,
  "metadata": {
    "colab": {
      "provenance": [],
      "include_colab_link": true
    },
    "kernelspec": {
      "name": "python3",
      "display_name": "Python 3"
    },
    "language_info": {
      "name": "python"
    }
  },
  "cells": [
    {
      "cell_type": "markdown",
      "metadata": {
        "id": "view-in-github",
        "colab_type": "text"
      },
      "source": [
        "<a href=\"https://colab.research.google.com/github/NinaMwangi/Principal_Component_Analysis/blob/main/Formative_Assignment_PCA_%5BNina_Mwangi%5D.ipynb\" target=\"_parent\"><img src=\"https://colab.research.google.com/assets/colab-badge.svg\" alt=\"Open In Colab\"/></a>"
      ]
    },
    {
      "cell_type": "markdown",
      "source": [
        "\n",
        "\n",
        "<center>\n",
        "    <img src=\"https://miro.medium.com/v2/resize:fit:300/1*mgncZaKaVx9U6OCQu_m8Bg.jpeg\">\n",
        "</center>\n",
        "\n",
        "\n",
        "\n",
        "The goal of PCA is to extract information while reducing the number of features\n",
        "from a dataset by identifying which existing features relate to another. The crux of the algorithm is trying to determine the relationship between existing features, called principal components, and then quantifying how relevant these principal components are. The principal components are used to transform the high dimensional data to a lower dimensional data while preserving as much information. For a principal component to be relevant, it needs to capture information about the features. We can determine the relationships between features using covariance."
      ],
      "metadata": {
        "id": "xyATLU4z1cYj"
      }
    },
    {
      "cell_type": "code",
      "source": [
        "import numpy as np\n",
        "\n"
      ],
      "metadata": {
        "id": "UTntK0eUNimH"
      },
      "execution_count": 13,
      "outputs": []
    },
    {
      "cell_type": "code",
      "source": [
        "\n",
        "data = np.array([\n",
        "    [   1,   2,  -1,   4,  10],\n",
        "    [   3,  -3,  -3,  12, -15],\n",
        "    [   2,   1,  -2,   4,   5],\n",
        "    [   5,   1,  -5,  10,   5],\n",
        "    [   2,   3,  -3,   5,  12],\n",
        "    [   4,   0,  -3,  16,   2],\n",
        "])"
      ],
      "metadata": {
        "id": "qWaiAdz8PyKp"
      },
      "execution_count": 3,
      "outputs": []
    },
    {
      "cell_type": "markdown",
      "source": [],
      "metadata": {
        "id": "eKopQ47BV6Ko"
      }
    },
    {
      "cell_type": "markdown",
      "source": [
        "### Step 1: Standardize the Data along the Features\n",
        "\n",
        "![image.png](https://encrypted-tbn0.gstatic.com/images?q=tbn:ANd9GcQLxe5VYCBsaZddkkTZlCY24Yov4JJD4-ArTA&usqp=CAU)\n",
        "\n",
        "\n",
        "\n",
        "\n",
        "Explain why we need to handle the data on the same scale.\n",
        "\n",
        "In PCA features with high variances or wide ranges get more weight than those with low variances, and they end up dominating the first principal components. The reason why these faetures have high variances compared to others is beacuse they were measures in different scales, hences we need standardization to prevent this from occurring, and giving the same wightage to all features."
      ],
      "metadata": {
        "id": "U2U2_Q5ebos3"
      }
    },
    {
      "cell_type": "code",
      "source": [
        "# calculating the mean and standard deviation along the features\n",
        "mean = np.mean(data, axis=0)\n",
        "std = np.std(data, axis =0)\n",
        "\n",
        "# standardizing the data\n",
        "standardized_data = (data - mean) / std\n",
        "\n",
        "print(\"Standardized data:\\n\", standardized_data)"
      ],
      "metadata": {
        "id": "JF3eGB7FRC0A",
        "outputId": "24d82079-a0e6-4f01-9c80-2efbbef4ca35",
        "colab": {
          "base_uri": "https://localhost:8080/"
        }
      },
      "execution_count": 4,
      "outputs": [
        {
          "output_type": "stream",
          "name": "stdout",
          "text": [
            "Standardized data:\n",
            " [[-1.36438208  0.70710678  1.5109662  -0.99186978  0.77802924]\n",
            " [ 0.12403473 -1.94454365 -0.13736056  0.77145428 -2.06841919]\n",
            " [-0.62017367  0.1767767   0.68680282 -0.99186978  0.20873955]\n",
            " [ 1.61245155  0.1767767  -1.78568733  0.33062326  0.20873955]\n",
            " [-0.62017367  1.23743687 -0.13736056 -0.77145428  1.00574511]\n",
            " [ 0.86824314 -0.35355339 -0.13736056  1.65311631 -0.13283426]]\n"
          ]
        }
      ]
    },
    {
      "cell_type": "markdown",
      "source": [
        "![cov matrix.webp](https://dmitry.ai/uploads/default/original/1X/9bd2851674ebb55e404cc3ff5e2ffe65b42ff460.png)\n",
        "\n",
        "We use the pair - wise covariance of the different features to determine how they relate to each other. With these covariances, our goal is to group / cluster based on similar patterns. Intuitively, we can relate features if they have similar covariances with other features."
      ],
      "metadata": {
        "id": "7rzoiQ7fMk_d"
      }
    },
    {
      "cell_type": "markdown",
      "source": [
        "### Step 2: Calculate the Covariance Matrix\n",
        "\n"
      ],
      "metadata": {
        "id": "uuhux3UEcBgw"
      }
    },
    {
      "cell_type": "code",
      "execution_count": 5,
      "metadata": {
        "colab": {
          "base_uri": "https://localhost:8080/"
        },
        "id": "qn8oujZlK9YR",
        "outputId": "c818cbe4-5a46-4c5a-b6f8-6dd340acbf34"
      },
      "outputs": [
        {
          "output_type": "stream",
          "name": "stdout",
          "text": [
            "[[ 1.2        -0.42098785 -1.0835838   0.90219291 -0.37000528]\n",
            " [-0.42098785  1.2         0.20397003 -0.77149364  1.18751836]\n",
            " [-1.0835838   0.20397003  1.2        -0.59947269  0.22208218]\n",
            " [ 0.90219291 -0.77149364 -0.59947269  1.2        -0.70017993]\n",
            " [-0.37000528  1.18751836  0.22208218 -0.70017993  1.2       ]]\n"
          ]
        }
      ],
      "source": [
        "# Calculating the covariance matrix\n",
        "cov_matrix = np.cov(standardized_data, rowvar=False)\n",
        "\n",
        "print(cov_matrix)"
      ]
    },
    {
      "cell_type": "markdown",
      "source": [
        "### Step 3: Eigendecomposition on the Covariance Matrix\n"
      ],
      "metadata": {
        "id": "uXNcG4AFcT08"
      }
    },
    {
      "cell_type": "code",
      "source": [
        "# Calculating the eigenvalues & eigenvectors\n",
        "\n",
        "eigenvalues, eigenvectors = np.linalg.eig(cov_matrix)\n",
        "print(eigenvalues)\n",
        "print(\"\")\n",
        "print(eigenvectors)"
      ],
      "metadata": {
        "id": "dmGlQ47tRO5w",
        "outputId": "3c656ca6-7f5d-44c8-b17d-39af47a69d7a",
        "colab": {
          "base_uri": "https://localhost:8080/"
        }
      },
      "execution_count": 6,
      "outputs": [
        {
          "output_type": "stream",
          "name": "stdout",
          "text": [
            "[3.80985761e+00 1.73655615e+00 4.94531029e-02 4.74189469e-05\n",
            " 4.04085720e-01]\n",
            "\n",
            "[[-0.4640131   0.45182808 -0.70733581  0.28128049 -0.03317471]\n",
            " [ 0.45019005  0.48800851  0.29051532  0.6706731  -0.15803498]\n",
            " [ 0.37929082 -0.55665017 -0.48462321  0.24186072 -0.5029143 ]\n",
            " [-0.4976889   0.03162214  0.36999674 -0.03373724 -0.78311558]\n",
            " [ 0.43642295  0.49682965 -0.20861365 -0.64143906 -0.32822489]]\n"
          ]
        }
      ]
    },
    {
      "cell_type": "markdown",
      "source": [
        "### Step 4: Sort the Principal Components\n",
        "# np.argsort can only provide lowest to highest; use [::-1] to reverse the list"
      ],
      "metadata": {
        "id": "4pWho88fcbJA"
      }
    },
    {
      "cell_type": "code",
      "source": [
        "# np.argsort can only provide lowest to highest; use [::-1] to reverse the list\n",
        "sorted_indices = np.argsort(eigenvalues)\n",
        "\n",
        "# Reversing the indices to get the order of importance\n",
        "order_of_importance = sorted_indices[::-1]\n",
        "print ( 'the order of importance is :\\n {}'.format(order_of_importance))\n",
        "\n",
        "# utilize the sort order to sort eigenvalues and eigenvectors\n",
        "sorted_eigenvalues = eigenvalues[order_of_importance]\n",
        "\n",
        "print('\\n\\n sorted eigen values:\\n{}'.format(sorted_eigenvalues))\n",
        "sorted_eigenvectors = eigenvectors[:, order_of_importance] # sort the columns\n",
        "print('\\n\\n The sorted eigen vector matrix is: \\n {}'.format(sorted_eigenvectors))"
      ],
      "metadata": {
        "colab": {
          "base_uri": "https://localhost:8080/"
        },
        "id": "_znKtzdrTmMg",
        "outputId": "e949f056-86de-47b8-ec49-a7b3709bd9ba"
      },
      "execution_count": 7,
      "outputs": [
        {
          "output_type": "stream",
          "name": "stdout",
          "text": [
            "the order of importance is :\n",
            " [0 1 4 2 3]\n",
            "\n",
            "\n",
            " sorted eigen values:\n",
            "[3.80985761e+00 1.73655615e+00 4.04085720e-01 4.94531029e-02\n",
            " 4.74189469e-05]\n",
            "\n",
            "\n",
            " The sorted eigen vector matrix is: \n",
            " [[-0.4640131   0.45182808 -0.03317471 -0.70733581  0.28128049]\n",
            " [ 0.45019005  0.48800851 -0.15803498  0.29051532  0.6706731 ]\n",
            " [ 0.37929082 -0.55665017 -0.5029143  -0.48462321  0.24186072]\n",
            " [-0.4976889   0.03162214 -0.78311558  0.36999674 -0.03373724]\n",
            " [ 0.43642295  0.49682965 -0.32822489 -0.20861365 -0.64143906]]\n"
          ]
        }
      ]
    },
    {
      "cell_type": "markdown",
      "source": [
        "Question:\n",
        "\n",
        "1. Why do we order eigen values and eigen vectors?\n",
        "\n",
        "We order them to match each eigen value to its eigen vector and so that we can get the first and second principal values. Through these values we can check on the variances.\n",
        "\n",
        "2. Is it true we would consider the lowest eigen value compared to the highest? Defend your answer\n",
        "\n",
        "It's not true. In PCA we only retain the top principal components as they explain a sufficient cumulative variance of like 95%. Low eigen values contribute minimaly in explaining the data's variability.\n"
      ],
      "metadata": {
        "id": "o1nILNGxpTJB"
      }
    },
    {
      "cell_type": "markdown",
      "source": [
        "You want to see what percentage of information each eigen value holds. You would have print out the percentage of each eigen value using the formula\n",
        "\n",
        "\n",
        "\n",
        "> (sorted eigen values / sum of all sorted eigen values) * 100\n",
        "\n"
      ],
      "metadata": {
        "id": "BWqFGNeNvgEB"
      }
    },
    {
      "cell_type": "code",
      "source": [
        "# use sorted_eigenvalues to ensure the explained variances correspond to the eigenvectors\n",
        "total_sum = np.sum(sorted_eigenvalues)\n",
        "#TO DO: Insert code here\n",
        "explained_variance = (sorted_eigenvalues / total_sum) * 100\n",
        "explained_variance =[\"{:.2f}%\".format(value) for value in explained_variance]\n",
        "print( explained_variance)"
      ],
      "metadata": {
        "colab": {
          "base_uri": "https://localhost:8080/"
        },
        "id": "bRMHrffrVOXR",
        "outputId": "486837d0-f0ec-4026-bce1-2a0c2128409a"
      },
      "execution_count": 8,
      "outputs": [
        {
          "output_type": "stream",
          "name": "stdout",
          "text": [
            "['63.50%', '28.94%', '6.73%', '0.82%', '0.00%']\n"
          ]
        }
      ]
    },
    {
      "cell_type": "markdown",
      "source": [
        "#Initialize the number of Principal components then perfrom matrix multiplication with the variable K example k = 3 for 3 principal components\n",
        "\n",
        "\n",
        "\n",
        "\n",
        "> The resulting matrix (with reduced data) = standardized data * vector with columns k\n",
        "\n",
        "See expected output for k = 2\n",
        "\n"
      ],
      "metadata": {
        "id": "qB7H4InbfKx5"
      }
    },
    {
      "cell_type": "code",
      "source": [
        "k =  3\n",
        "top_3_eigenvectors = sorted_eigenvectors[:, :k]\n",
        "\n",
        "reduced_data = np.matmul(standardized_data, top_3_eigenvectors) # transform the original data"
      ],
      "metadata": {
        "id": "C-Rnyq6QVTiz"
      },
      "execution_count": 10,
      "outputs": []
    },
    {
      "cell_type": "code",
      "source": [
        "print(reduced_data)"
      ],
      "metadata": {
        "colab": {
          "base_uri": "https://localhost:8080/"
        },
        "id": "JxxBcgQMXe1h",
        "outputId": "ec64b226-f2e8-4a70-d1f3-8cff8e58e240"
      },
      "execution_count": 11,
      "outputs": [
        {
          "output_type": "stream",
          "name": "stdout",
          "text": [
            "[[ 2.3577116  -0.75728867 -0.30499103]\n",
            " [-2.27171739 -1.81970663  0.4470405 ]\n",
            " [ 1.21259114 -0.50390931  0.35546938]\n",
            " [-1.41935914  1.9229856   0.48918845]\n",
            " [ 1.61562536  0.87541857  0.16812364]\n",
            " [-1.49485157  0.28250044 -1.15483094]]\n"
          ]
        }
      ]
    },
    {
      "cell_type": "code",
      "source": [
        "print(reduced_data.shape)"
      ],
      "metadata": {
        "colab": {
          "base_uri": "https://localhost:8080/"
        },
        "id": "PNEqS6cuaMSY",
        "outputId": "386a045c-f08d-4584-a51c-fbaeb8d9eff3"
      },
      "execution_count": 12,
      "outputs": [
        {
          "output_type": "stream",
          "name": "stdout",
          "text": [
            "(6, 3)\n"
          ]
        }
      ]
    },
    {
      "cell_type": "markdown",
      "source": [
        "# *What are 2 positive effects and 2 negative effects of PCA\n",
        "\n",
        "Give 2 Benefits and 2 limitations\n",
        "**Benefits**\n",
        "1. Removes noise from the data\n",
        "2. Enablesdata visualisation by removing dimensions.\n",
        "\n",
        "**Limitations**\n",
        "1. There can be loss of information\n",
        "2. It only offers linear dimensionality reduction."
      ],
      "metadata": {
        "id": "UxQ8lTunauMQ"
      }
    }
  ]
}